0000100011010000000001000010000
1000000010001000101000000000000
1001001010110000101000000001000
0000000011000000000000000000010
0000000010001100010101110000000
1100000000000010001000001011000
0000000000010000111000100000100
0000000100000010011001000001000
0010100100001000000000100010010
0000000001100000010000011001100
0000000010000010000100110000001
0010010000000100000000000000100
0000010100000000000000000000000
0101000010000000001000000000000
0000000100000101110000000000000
0000001100000010000000000010010
0100000000000000011000100000000
0000010011000000001110000000001
1000000000001001000000000000100
0000000001000010010100000010000
0000000100000000010011000000000
0110000010000000000000000001000
0000100000000000010100001000001
0010000100011000010001010001000
0000000000100000000000000001010
1000101010111100101000000000010
0010001011000000100000000000100
0010000010001000000010000001001
0000000000000010000000100000000
0100100000000001000001000100101
1000000001000100000010000000100
1000000000000000000100000000000
0010001000000001000100100000000
0000000000000010000010000010010
1010000000100000000000000110110
0000101000001100001000000000001
0000001000010001001000000010000
0000100101000001001100000100001
0000000000010000000101010000000
1000000010011000000001001000000
0000000001011001000000000000001
0000000000010000000000001110100
0010000010000011000100000000010
0000110000000000001100000000100
0000011100000000001000000110000
1000110010010000000000100000000
0000100000100000001001010001100
0100001000000001010000000001010
1100010100000100000010000000000
0000011000001000010000011101001
0000000000000010011100100010010
0000100010000100000000000001010
0100000000010000010000000010110
0000100000000010000000000100000
0000000100000000101010000000000
1000000001100001000000000100000
0011000000000010000101000100001
1000101000000100110000000000101
0000010010001001000000000000000
1000100000000000000100000000000
0100010000100110000010000101000
0100010000000100010010110000100
1000010000000010000100010000000
1001000000100000100000100110000
0000001010000110000110010001000
0010000101011100000000000000100
0101100000001010100100010010000
0010000000000101000010010100001
0000000000100010001000000000010
0000000000100000101001001000011
0101000110001000000000001111000
0000000011001010000000000101101
1000000111000000000001000100000
0010100001100000000011000010000
1000010110011001001000001000001
0110000011000011000010000000100
1000100000110000100000000001000
0000000000001010110000100001000
0000100000000000010000010000001
0000000000000000000010000000000
0010000000000000000000010010000
0000100000100000000100110001000
1000001010000000000000000000011
0100001010100010000000000100001
0000100010000001000100000110001
0000010000000000000000000000000
0000000100101000100010001000001
0001000000101101000100100011010
0000000000000000000000000001001
0010100000100000000110000000000
0000100011000000001010100100011
0011000001001110000000001101100
0100100000100010000000000000100
1000000000000001100010000110000
0110000001010000000000001000000
0000000000000110001010000000100
0000000001001001000000000000000
0000000011000000100001100000000
0001000000000101010000000000000
1000000000010000001000000100100
0000000000000110101001010100010
0000010000000001000000000000000
0011010010000011001000000001010
0100000000001010000000100000011
0100000000000000000000000010000
1000010000100010010000001000000
0000000010000000100000010000010
0000010000110010001110001000010
0000100000000010000100000010000
0000000000000100010000100000001
0000010000000001001010000000000
0000000001001000000001010100000
0000001011000000100001010110100
0100010100010001010000001000011
0100000000000000001000000100000
1010100000000000000010000000000
0000010100000001000100000000100
1000101010110010000000000010010
0000000000000111000000000100001
0100000100000001100001100000001
0000100010000000101100000100000
0000000000011000000000100010000
0000000000000010100100000100100
1010001001010000000001000000101
1011000001100001000000001010101
1101011100000000011000000010010
1000001000000000000000000000100
0000000001100000000100000000000
0111000000001100001000100000000
0000101000000001100000000000100
0000000000100000100000000001001
0000001000000000000001000000100
0000010001000000100010001000000
0000000000101001000010001001110
1001100000000100000000000000001
0010000000000000000000000000000
0000010000000001010000000000000
0000000010001000001000110000001
0010000000010000000000000000100
0000001000010010000001000000000
0000000000011000010010100000000
0000010000000000000111000000000
1000000000000100000010010000000
0010010000000000000000010010011
0000000100000010000010000000010
0000000000000000000010010110001
0100110000000000000001100010000
0001000100001000000001000000000
0000011000100000111000000000000
0111000000000100000000100000110
0000000000000100010000000000000
0001010000000000000001001100101
0001000000000000000100100000100
0000101000000000000000000100010
0000000000100000000000101000111
1000100000010000000000000000100
0001010000000100010000001011000
0000001000000000010000000000000
1100000001011010000000000010000
0000001000101000001000000000000
0100000100000100000100000000010
0000000000000000001000000000000
0101010000010000001011000000000
0000000100110110000001001000010
0001010100000010001000000001000
0010000000000001000000100000001
0010000001000000001000000000100
0010010101000001000000000000010
0010100110000001000100011000000
0110001000011010100000000000100
0000000000000010010001000010000
0000000101000000001000000000000
0000011001110000000010000000000
0000000000000000000000100000000
0011000010000100000000000000000
0110101110100000000101100100010
1100000000000000001000000000001
0000100110000011000000000000000
0100000100100000000000010000010
1000000000100000000000000100000
0001101000000100010000000000000
0000000000000000100000000000000
0001000001000011000100100001000
0000000000000011001000101100100
0000000000000000000000100100001
0000000100001001011000000000101
1000100000000110000000100000000
0001100000000000000010000010000
0110001100010000000000000000000
0000000001101000100000000010000
0000000000001000000000000100100
0000000000000000000000000000010
0000101000010000000000000000000
0000001000000100010011000000000
1000000001010101010000001000010
0100000000010100010000001001010
0000000000000010000110000000001
0100000001001000010101000010000
0001110101001000100001000010000
1000000001000000000000000000001
0000001000110111001001100010000
0000010000000010000000100000000
1001000000000001010000000000000
0000110100010011000000000000110
1010011001000100010000010000000
0010000000000000101100100010110
0100000110100100010000000000010
0000100010000000000000000000011
0000110000001011100000010000001
0001000100000000010010110000100
1000000100100001110000000001000
1000000000001100000000000001010
1000000000000001100001000000100
0000000001000101000100010000000
0000100001000000000000100000001
0000000010001000010000001100000
0000000000101001000000000100000
1000000001011000011000000100000
0001000000010000000000000000000
1110001000100101100001000001000
0000000011000000000010110010000
0000010000001001000001000001010
0001001001100111000001101000000
1001000000110001000000000000100
1000000000000100001001000000000
1000000001000000010000001001101
0001010000000001010000000000000
1000000000000001000000000000001
1010000001000000000011000000000
1001100000000000100110001000000
0000010100000100000010000010101
0101100010001100000000000100001
1000000000000010000000010000000
0011000000000000010001000000000
0000101000000111000010000000000
0001001000001001101000010001010
0000000000000110000000000000000
1010000000000001000000001001010
0100000010000010000000000010000
0001000000000100000000000101100
0000010001000001001000000000010
0000000010100000000000000010100
0000000100100100000100000001100
0100010001001000110001000000000
0000000000110000100101100100000
0000100000000000000000100010000
0000000001000100000010000100001
0000000001001000101100000000110
1010000110000000101000000000000
1100000001100000000000000000010
0000001000100000011000000000000
1101000101000000000001001000000
0000000001000000000100101000100
0100010000000101000111000000000
0000000000000000101000001000000
0010001000001000000001000000000
0000000001101110101000001000100
1001000000000010000101000100011
1101010000100110000000000000101
0111000010010000000000000001100
0000000000001000000101010000100
0000000010001001000100000000000
1100000000010000000000000000100
0001110001010010001000000000011
0001000000100000011000000001000
0000000100000000000010000000000
0000010000011000010000011100000
0100010001000001001001000010010
1010000000010010000000110001011
0000010000011001011000000001001
0000010001000000000001000000000
0010000101000100100001100010001
0000000000010001100000000010000
0010000100001100000000101111000
1000000000000010100000000000001
0000000000000000000100000101001
0100001010000000000000101000000
1000000000001000000000000101000
0010000000001010000100000001100
1000011110000001000100000010000
0000110000100000000000000000001
0000101100001000000000000010000
0000000001100000000100000100100
0000000000001000100000000000000
0000000000001001100001000001101
0000000000001000001000000100000
0000000010010000000011010000000
0001010000000010000000000000010
0000000000001000000000100101000
0000000000000000100000000000001
0011000000000011000000101000000
0010010110000100000000010001000
0000000000011000101010000000000
0101000000010100010000000001000
0000000001001000000001001010000
0000000000110010110000100001000
0000100000000000000010000000100
1100000000001100000000000000000
0000101010000010000000000110100
0000000000000010110000000000110
1100000000000000010001001000000
0010010000000000100000010000000
1000100110101000000000000000000
0000100001100000011010001000011
0100010100001100000000000001001
0000000000000000100000011100000
0010010000000000000101000000010
0010000000000000000001000000010
0000010000000100001011000101100
0000011000000010000001001000000
1001000000010000000010000000000
0010001001000010000000001000000
1001001000000110010110000111100
0000001101000001001000000010000
0110001000001001000101000000000
1000001000000001110000100010010
0100001010010000001000000000000
0000000001001001000001000000001
0010000000100000000001001000000
0000001000000011010000101010000
0100000000000010000010000000100
0001001000000000000000100000000
0000010000000000000000000000000
